rKey: r02
Nevt (from h_HT entries): 4997136

[SCALARS]
 Nevt = 4997136.000000
 Njets_total = 5995.725290
 R = 0.200000
 etaFidAbs = 0.900000
 f_ge1 = 0.813530
 f_ge2 = 0.345360
 jets_per_event = 0.001200
 mean_jetMass = 0.459531
 mean_jetPt = 11.385254
