rKey: r02
Nevt (from h_HT entries): 519562

[SCALARS]
 Nevt = 519562.000000
 Njets_total = 908416.000000
 R = 0.200000
 etaFidAbs = 0.900000
 jets_per_event = 1.748427
 mean_jetMass = 0.725554
 mean_jetPt = 16.684104
