rKey: r04
Nevt (from h_HT entries): 1698096

[SCALARS]
 Nevt = 1698096.000000
 Njets_total = 2181258.000000
 R = 0.400000
 etaFidAbs = 0.700000
 jets_per_event = 1.284532
 mean_jetMass = 1.159697
 mean_jetPt = 10.996183
