rKey: r04
Nevt (from h_HT entries): 3557412

[SCALARS]
 Nevt = 3557412.000000
 Njets_total = 3081210.000000
 R = 0.400000
 etaFidAbs = 0.700000
 jets_per_event = 0.866138
 mean_jetMass = 0.870104
 mean_jetPt = 8.742502
