rKey: r04
Nevt (from h_HT entries): 4997136

[SCALARS]
 Nevt = 4997136.000000
 Njets_total = 5977.715931
 R = 0.400000
 etaFidAbs = 0.700000
 f_ge1 = 0.775730
 f_ge2 = 0.331155
 jets_per_event = 0.001196
 mean_jetMass = 1.230017
 mean_jetPt = 11.206127
