rKey: r04
Nevt (from h_HT entries): 2217658

[SCALARS]
 Nevt = 2217658.000000
 Njets_total = 5978.631415
 R = 0.400000
 etaFidAbs = 0.700000
 f_ge1 = 0.720147
 f_ge2 = 0.260292
 jets_per_event = 0.002696
 mean_jetMass = 1.230212
 mean_jetPt = 11.206745
