rKey: r04
Nevt (from h_HT entries): 4997136

[SCALARS]
 Nevt = 4997136.000000
 Njets_total = 8800.143123
 R = 0.400000
 etaFidAbs = 0.700000
 jets_per_event = 0.001761
 mean_jetMass = 1.174982
 mean_jetPt = 11.146543
