rKey: r04
Nevt (from h_HT entries): 2217658

[SCALARS]
 Nevt = 2217658.000000
 Njets_total = 8801.350799
 R = 0.400000
 etaFidAbs = 0.700000
 jets_per_event = 0.003969
 mean_jetMass = 1.175014
 mean_jetPt = 11.146034
