rKey: r04
Nevt (from h_HT entries): 2395833

[SCALARS]
 Nevt = 2395833.000000
 Njets_total = 4626867.000000
 R = 0.400000
 etaFidAbs = 0.700000
 jets_per_event = 1.931214
 mean_jetMass = 1.757482
 mean_jetPt = 17.450823
