rKey: r04
Nevt (from h_HT entries): 519562

[SCALARS]
 Nevt = 519562.000000
 Njets_total = 1003227.000000
 R = 0.400000
 etaFidAbs = 0.700000
 jets_per_event = 1.930909
 mean_jetMass = 1.758413
 mean_jetPt = 17.452250
