rKey: r02
Nevt (from h_HT entries): 1698096

[SCALARS]
 Nevt = 1698096.000000
 Njets_total = 1779133.000000
 R = 0.200000
 etaFidAbs = 0.900000
 jets_per_event = 1.047722
 mean_jetMass = 0.434559
 mean_jetPt = 11.207179
