rKey: r02
Nevt (from h_HT entries): 3557412

[SCALARS]
 Nevt = 3557412.000000
 Njets_total = 2564034.000000
 R = 0.200000
 etaFidAbs = 0.900000
 jets_per_event = 0.720758
 mean_jetMass = 0.322790
 mean_jetPt = 8.771470
