rKey: r02
Nevt (from h_HT entries): 2601303

[SCALARS]
 Nevt = 2601303.000000
 Njets_total = 2725725.000000
 R = 0.200000
 etaFidAbs = 0.900000
 jets_per_event = 1.047831
 mean_jetMass = 0.434469
 mean_jetPt = 11.206723
