rKey: r04
Nevt (from h_HT entries): 2641211

[SCALARS]
 Nevt = 2641211.000000
 Njets_total = 2010218.000000
 R = 0.400000
 etaFidAbs = 0.700000
 jets_per_event = 0.761097
 mean_jetMass = 0.819745
 mean_jetPt = 7.245335
