rKey: r02
Nevt (from h_HT entries): 4858869

[SCALARS]
 Nevt = 4858869.000000
 Njets_total = 67848.064037
 R = 0.200000
 etaFidAbs = 0.900000
 jets_per_event = 0.013964
 mean_jetMass = 0.298566
 mean_jetPt = 7.426708
