rKey: r02
Nevt (from h_HT entries): 4858869

[SCALARS]
 Nevt = 4858869.000000
 Njets_total = 55101.706142
 R = 0.200000
 etaFidAbs = 0.900000
 f_ge1 = 0.630389
 f_ge2 = 0.127076
 jets_per_event = 0.011340
 mean_jetMass = 0.309460
 mean_jetPt = 7.479255
