rKey: r04
Nevt (from h_HT entries): 2395833

[SCALARS]
 Nevt = 2395833.000000
 Njets_total = 3433391.000000
 R = 0.400000
 etaFidAbs = 0.700000
 f_ge1 = 0.893808
 f_ge2 = 0.481904
 jets_per_event = 1.433068
 mean_jetMass = 1.836290
 mean_jetPt = 17.775115
