rKey: r04
Nevt (from h_HT entries): 2641211

[SCALARS]
 Nevt = 2641211.000000
 Njets_total = 1297411.000000
 R = 0.400000
 etaFidAbs = 0.700000
 f_ge1 = 0.444587
 f_ge2 = 0.043945
 jets_per_event = 0.491218
 mean_jetMass = 0.852897
 mean_jetPt = 7.329719
