rKey: r02
Nevt (from h_HT entries): 2217658

[SCALARS]
 Nevt = 2217658.000000
 Njets_total = 7197.136023
 R = 0.200000
 etaFidAbs = 0.900000
 jets_per_event = 0.003245
 mean_jetMass = 0.443022
 mean_jetPt = 11.347947
