rKey: r02
Nevt (from h_HT entries): 4997136

[SCALARS]
 Nevt = 4997136.000000
 Njets_total = 7197.755062
 R = 0.200000
 etaFidAbs = 0.900000
 jets_per_event = 0.001440
 mean_jetMass = 0.442926
 mean_jetPt = 11.347640
