rKey: r04
Nevt (from h_HT entries): 4858869

[SCALARS]
 Nevt = 4858869.000000
 Njets_total = 76741.875601
 R = 0.400000
 etaFidAbs = 0.700000
 jets_per_event = 0.015794
 mean_jetMass = 0.863743
 mean_jetPt = 7.692697
