rKey: r02
Nevt (from h_HT entries): 3557412

[SCALARS]
 Nevt = 3557412.000000
 Njets_total = 1991946.000000
 R = 0.200000
 etaFidAbs = 0.900000
 f_ge1 = 0.501913
 f_ge2 = 0.055628
 jets_per_event = 0.559942
 mean_jetMass = 0.338082
 mean_jetPt = 8.768216
