rKey: r02
Nevt (from h_HT entries): 519562

[SCALARS]
 Nevt = 519562.000000
 Njets_total = 808918.000000
 R = 0.200000
 etaFidAbs = 0.900000
 f_ge1 = 0.927500
 f_ge2 = 0.555999
 jets_per_event = 1.556923
 mean_jetMass = 0.743465
 mean_jetPt = 16.766747
