rKey: r02
Nevt (from h_HT entries): 2395833

[SCALARS]
 Nevt = 2395833.000000
 Njets_total = 3726904.000000
 R = 0.200000
 etaFidAbs = 0.900000
 f_ge1 = 0.927243
 f_ge2 = 0.555031
 jets_per_event = 1.555578
 mean_jetMass = 0.743690
 mean_jetPt = 16.777387
